title:22's Super Pog PvE Wishlist.
description:These are what I'm hunting for.
https://destinytracker.com/destiny-2/db/items/1216319404-fatebringer-timelost?perks=1294026524,202670084,3142289711,3038247973,4104185692,4248210736,2323986101,150943600,0,2302094943
https://destinytracker.com/destiny-2/db/items/1921159786-hezen-vengeance-timelost?perks=3468089894,981914802,2822142346,3643424744,1546637391,4248210736,2323986101,518224747,0,2285418970
https://destinytracker.com/destiny-2/db/items/1921159786-hezen-vengeance-timelost?perks=3468089894,981914802,2822142346,3643424744,3927722942,4248210736,2323986101,518224747,0,2285418970
https://destinytracker.com/destiny-2/db/items/1921159786-hezen-vengeance-timelost?perks=3468089894,981914802,2822142346,3300816228,1546637391,4248210736,2323986101,518224747,0,2285418970
https://destinytracker.com/destiny-2/db/items/1216319404-fatebringer-timelost?perks=1294026524,202670084,1087426260,3038247973,4104185692,4248210736,2323986101,518224747,0,2285418970
https://destinytracker.com/destiny-2/db/items/2990047042-succession?perks=3468089894,1840239774,2420895100,1523832109,1546637391,4248210736,2323986101,518224747,0,2285418970
https://destinytracker.com/destiny-2/db/items/852228780-uzume-rr4-adept?perks=1294026524,1840239774,1087426260,3400784728,1546637391,4248210736,2323986101,518224747,0,2285418970
https://destinytracker.com/destiny-2/db/items/852228780-uzume-rr4-adept?perks=1294026524,1840239774,1087426260,4252909580,1546637391,4248210736,2323986101,518224747,0,2285418970
https://destinytracker.com/destiny-2/db/items/1987769101-praedyths-revenge-timelost?perks=878286503,1840239774,2420895100,3418782618,2213355989,4248210736,2323986101,518224747,0,2285418970
https://destinytracker.com/destiny-2/db/items/2782325300-quickfang?perks=1713206376,3666208348,269888150,1749209109,354401740,4248210736,2323986101,1486919755,0,2285418970
https://destinytracker.com/destiny-2/db/items/2782325300-quickfang
https://destinytracker.com/destiny-2/db/items/108221785-riiswalker?perks=1458010786,1332244541,791862061,2039302152,591790007,4248210736,2323986101,518224747,0,2285418970
https://destinytracker.com/destiny-2/db/items/108221785-riiswalker?perks=1458010786,1332244541,791862061,706527188,591790007,4248210736,2323986101,518224747,0,2285418970
https://destinytracker.com/destiny-2/db/items/2272470786-stochastic-variable?perks=1458010786,1482024992,1885400500,2450788523,2458213969,4248210736,2323986101,518224747,0,2285418970
https://destinytracker.com/destiny-2/db/items/2272470786-stochastic-variable?perks=1458010786,1482024992,1885400500,2779035018,2458213969,4248210736,2323986101,518224747,0,2285418970
https://destinytracker.com/destiny-2/db/items/534775659-plug-one1-adept?perks=1636108362,4090651448,1687452232,1570042021,1427256713,4248210736,2323986101,518224747,0,2285418970
https://destinytracker.com/destiny-2/db/items/304659313-ignition-code?perks=474269988,981914802,3301904089,2869569095,1546637391,4248210736,2323986101,518224747,0,2285418970
https://destinytracker.com/destiny-2/db/items/304659313-ignition-code?perks=474269988,981914802,3032599245,2869569095,1546637391,4248210736,2323986101,518224747,0,2285418970
https://destinytracker.com/destiny-2/db/items/304659313-ignition-code?perks=474269988,981914802,3032599245,3161816588,1546637391,4248210736,2323986101,518224747,0,2285418970
https://destinytracker.com/destiny-2/db/items/304659313-ignition-code?perks=474269988,981914802,3301904089,3161816588,1546637391,4248210736,2323986101,518224747,0,2285418970
https://destinytracker.com/destiny-2/db/items/304659313-ignition-code?perks=474269988,3798852852,3301904089,2869569095,1546637391,4248210736,2323986101,518224747,0,2285418970
https://destinytracker.com/destiny-2/db/items/631439337-found-verdict-timelost?perks=3983457027,1332244541,791862061,2117683199,1546637391,4248210736,2323986101,518224747,0,2285418970
https://destinytracker.com/destiny-2/db/items/631439337-found-verdict-timelost?perks=3983457027,1482024992,791862061,2117683199,1546637391,4248210736,2323986101,518224747,0,2285418970
https://destinytracker.com/destiny-2/db/items/631439337-found-verdict-timelost?perks=3983457027,4090651448,791862061,2117683199,1546637391,4248210736,2323986101,518224747,0,2285418970
https://destinytracker.com/destiny-2/db/items/3796510434-corrective-measure-timelost?perks=1294026524,1840239774,2420895100,1820235745,3824105627,4248210736,2323986101,518224747,0,2285418970
https://destinytracker.com/destiny-2/db/items/3796510434-corrective-measure-timelost?perks=1294026524,1482024992,2420895100,1820235745,3824105627,4248210736,2323986101,518224747,0,2285418970
https://destinytracker.com/destiny-2/db/items/4255586669-empty-vessel?perks=474269988,981914802,3032599245,3300816228,1546637391,4248210736,2323986101,518224747,0,2285418970
https://destinytracker.com/destiny-2/db/items/4255586669-empty-vessel?perks=474269988,981914802,3301904089,3300816228,1546637391,4248210736,2323986101,518224747,0,2285418970
https://destinytracker.com/destiny-2/db/items/681067419-hung-jury-sr4-adept?perks=1636108362,1482024992,1087426260,247725512,4049631843,4248210736,2323986101,518224747,0,2285418970
https://destinytracker.com/destiny-2/db/items/681067419-hung-jury-sr4-adept?perks=1636108362,1482024992,1087426260,247725512,3038247973,4248210736,2323986101,518224747,0,2285418970
https://destinytracker.com/destiny-2/db/items/4023807721-shayuras-wrath-adept?perks=1636108362,1482024992,3142289711,2450788523,1015611457,4248210736,2323986101,518224747,0,2285418970
https://destinytracker.com/destiny-2/db/items/4023807721-shayuras-wrath-adept?perks=1636108362,202670084,3142289711,2450788523,1015611457,4248210736,2323986101,518224747,0,2285418970
https://destinytracker.com/destiny-2/db/items/690668916-vision-of-confluence-timelost?perks=1636108362,1482024992,1885400500,3418782618,4104185692,4248210736,2323986101,518224747,0,2285418970
https://destinytracker.com/destiny-2/db/items/690668916-vision-of-confluence-timelost?perks=1636108362,1482024992,1885400500,3418782618,1015611457,4248210736,2323986101,518224747,0,2285418970
https://destinytracker.com/destiny-2/db/items/690668916-vision-of-confluence-timelost?perks=1636108362,1482024992,1885400500,3418782618,3824105627,4248210736,2323986101,518224747,0,2285418970
https://destinytracker.com/destiny-2/db/items/2208405142-telesto
https://destinytracker.com/destiny-2/db/items/2376481550-anarchy